--------- [7] [9] [0] [0] [20] [0] [0] [0] [0] 
x---o---- [0] [4] [4] [0] [0] [4] [0] [0] [4] 
o---x---- [0] [5] [10] [0] [0] [10] [0] [0] [4] 
-x--o---- [4] [0] [0] [4] [0] [0] [4] [4] [0] 
-o--x---- [4] [0] [0] [4] [0] [0] [4] [6] [0] 
-x-o----- [4] [0] [4] [0] [7] [4] [4] [4] [4] 
-x----o-- [6] [0] [4] [4] [4] [4] [0] [4] [4] 
x-o------ [0] [4] [0] [4] [4] [4] [7] [4] [4] 
-xo------ [4] [0] [0] [4] [4] [4] [4] [3] [4] 
x--o----- [0] [4] [4] [0] [4] [3] [4] [4] [4] 
o-x-x---o [0] [6] [0] [3] [0] [0] [3] [0] [0] 
-xoox---- [3] [0] [0] [0] [0] [3] [3] [6] [3] 
o---xxo-- [0] [3] [6] [3] [0] [0] [0] [0] [0] 
-o--x-ox- [3] [0] [4] [4] [0] [3] [0] [0] [3] 
o---xx-o- [0] [6] [3] [3] [0] [0] [3] [0] [3] 
xox-o---- [0] [0] [0] [3] [0] [0] [3] [3] [0] 
xx----oo- [0] [0] [6] [3] [3] [3] [0] [0] [3] 
ox--o--x- [0] [0] [3] [3] [0] [3] [1] [0] [3] 
xoo---x-- [0] [0] [0] [3] [6] [3] [0] [3] [3] 
o-xox---- [0] [3] [0] [0] [0] [3] [6] [3] [3] 
xxo---o-- [0] [0] [0] [1] [3] [3] [0] [3] [3] 
o-o-x---x [0] [3] [0] [3] [0] [3] [3] [3] [0] 
-o-ox--x- [3] [0] [4] [0] [0] [3] [3] [0] [3] 
x--o-x-o- [0] [3] [3] [0] [3] [0] [1] [0] [3] 
-ox-x-oxo [3] [0] [0] [2] [0] [2] [0] [0] [0] 
xooox-x-- [0] [0] [0] [0] [0] [2] [0] [2] [5] 
oxx-xo--o [0] [0] [0] [2] [0] [0] [5] [2] [0] 
oxo-xx-o- [0] [0] [0] [2] [0] [0] [2] [0] [5] 
-oxox-ox- [3] [0] [0] [0] [0] [2] [0] [0] [2] 
ox-xxo-o- [0] [0] [2] [0] [0] [0] [0] [0] [3] 
o-x-xxoo- [0] [2] [0] [2] [0] [0] [0] [0] [5] 
o-oxx-o-x [0] [2] [0] [0] [0] [2] [0] [2] [0] 
x--ooxxo- [0] [2] [0] [0] [0] [0] [0] [0] [2] 