---------------- [16] [18] [0] [0] [0] [16] [0] [0] [0] [0] [0] [0] [0] [0] [0] [0] 
-x-------o------ [6] [0] [6] [6] [6] [9] [6] [6] [6] [0] [6] [6] [6] [6] [6] [6] 
o----x---------- [0] [6] [6] [6] [0] [0] [6] [6] [0] [0] [6] [6] [0] [0] [0] [6] 
-----x-o-------- [6] [6] [6] [6] [6] [0] [6] [0] [6] [6] [6] [6] [6] [6] [6] [6] 
---o-x---------- [9] [6] [6] [0] [6] [0] [6] [6] [6] [7] [6] [6] [6] [6] [6] [6] 
--o--x---------- [6] [7] [0] [6] [6] [0] [6] [6] [6] [6] [6] [6] [6] [6] [6] [6] 
xo-------------- [0] [0] [6] [6] [9] [6] [6] [6] [6] [6] [6] [6] [6] [6] [6] [6] 
-x----o--------- [6] [0] [6] [6] [7] [6] [0] [6] [6] [6] [6] [6] [9] [6] [6] [6] 
-----x---------o [6] [6] [6] [6] [0] [0] [7] [6] [0] [0] [6] [6] [0] [0] [0] [0] 
-o---x---------- [6] [0] [6] [6] [7] [0] [6] [6] [6] [6] [6] [6] [6] [6] [6] [6] 
x-o------------- [0] [6] [0] [6] [9] [6] [6] [6] [6] [6] [6] [6] [6] [6] [6] [6] 
-x----------o--- [6] [0] [6] [6] [6] [6] [6] [6] [6] [6] [6] [6] [0] [6] [6] [6] 
-xo------------- [6] [0] [0] [6] [6] [6] [6] [6] [6] [5] [7] [6] [6] [6] [6] [6] 
x-------------o- [0] [6] [6] [6] [6] [6] [6] [6] [6] [6] [6] [7] [6] [6] [0] [6] 
-----x----o----- [6] [6] [6] [6] [0] [0] [5] [6] [0] [0] [0] [6] [0] [0] [0] [6] 
x----o---------- [0] [6] [6] [6] [0] [0] [6] [6] [0] [0] [6] [7] [0] [0] [0] [7] 
-x--o----------- [7] [0] [6] [6] [0] [6] [6] [6] [6] [6] [6] [6] [6] [6] [6] [6] 
-x------o------- [6] [0] [6] [6] [6] [6] [6] [6] [0] [6] [6] [6] [6] [6] [6] [6] 
-----x-----o---- [6] [6] [6] [6] [6] [0] [6] [6] [6] [6] [6] [0] [9] [6] [6] [6] 
-x-----o-------- [6] [0] [9] [6] [6] [6] [6] [0] [6] [6] [6] [6] [6] [6] [6] [6] 
x-o-x-------o--- [0] [5] [0] [8] [0] [5] [5] [5] [5] [5] [5] [5] [0] [5] [5] [5] 
-----x-o--x---o- [5] [5] [5] [5] [5] [0] [5] [0] [5] [5] [0] [5] [5] [5] [0] [5] 
ox---------xo--- [0] [0] [5] [5] [5] [5] [5] [5] [5] [5] [5] [0] [0] [5] [5] [5] 
xo--x--------o-- [0] [0] [5] [5] [0] [5] [5] [5] [5] [5] [5] [5] [8] [0] [5] [5] 
-xo----o-x------ [5] [0] [0] [5] [5] [5] [5] [0] [3] [0] [5] [5] [5] [5] [5] [5] 
o----x-x-o------ [0] [5] [5] [5] [5] [0] [5] [0] [5] [0] [5] [5] [5] [5] [5] [5] 
x---o------x--o- [0] [5] [5] [5] [0] [5] [5] [5] [6] [5] [5] [0] [5] [5] [0] [5] 
-x--ox---o------ [5] [0] [6] [5] [0] [0] [5] [5] [5] [0] [5] [5] [5] [5] [5] [5] 
-x--x-o-o------- [6] [0] [5] [5] [0] [5] [0] [5] [0] [5] [5] [5] [5] [5] [5] [5] 
o----xx---o----- [0] [5] [5] [5] [5] [0] [0] [5] [5] [5] [0] [5] [5] [5] [5] [3] 
-x---oo-----x--- [5] [0] [5] [5] [8] [0] [0] [5] [5] [5] [5] [5] [0] [5] [5] [5] 
-o-o-x---x------ [5] [0] [5] [0] [5] [0] [5] [5] [6] [0] [5] [5] [5] [5] [5] [5] 
x--o-x--------o- [0] [5] [5] [0] [5] [0] [5] [5] [5] [5] [5] [5] [5] [5] [0] [8] 
x----oo--------x [0] [5] [5] [5] [5] [0] [0] [6] [5] [5] [5] [5] [5] [5] [5] [0] 
----oxx--------o [5] [5] [5] [5] [0] [0] [0] [5] [5] [6] [5] [5] [5] [5] [5] [0] 
xx--o------o---- [0] [0] [6] [5] [0] [5] [5] [5] [5] [5] [5] [0] [5] [5] [5] [5] 
-xoo------x----- [5] [0] [0] [0] [5] [5] [5] [5] [5] [5] [0] [5] [5] [6] [5] [5] 
-x---x---oo----- [5] [0] [5] [8] [5] [0] [5] [5] [5] [0] [0] [5] [5] [5] [5] [5] 
-x----o-o--x---- [5] [0] [5] [5] [5] [5] [0] [5] [0] [5] [5] [0] [5] [5] [5] [5] 
x----o-----xo--- [0] [5] [5] [5] [5] [0] [6] [5] [5] [5] [5] [0] [0] [5] [5] [5] 
-o-x-x---o------ [5] [0] [5] [0] [5] [0] [5] [5] [5] [0] [5] [5] [5] [5] [5] [5] 
---o-x-----ox--- [5] [5] [5] [0] [5] [0] [5] [5] [5] [5] [5] [0] [0] [8] [5] [5] 
-xo--x------o--- [5] [0] [0] [5] [5] [0] [5] [5] [5] [5] [5] [5] [0] [5] [5] [6] 
-xx----o---o---- [5] [0] [0] [5] [5] [5] [5] [0] [5] [5] [5] [0] [5] [5] [8] [5] 
o--xox---------- [0] [5] [5] [0] [0] [0] [5] [5] [5] [5] [5] [5] [5] [5] [5] [5] 
xooxx-------o--- [0] [0] [0] [0] [0] [4] [4] [4] [4] [4] [4] [4] [0] [4] [4] [7] 
-x--xoo---o-x--- [4] [0] [4] [4] [0] [0] [0] [4] [4] [4] [0] [4] [0] [4] [7] [4] 
xx--x-o-oo------ [0] [0] [5] [4] [0] [4] [0] [4] [0] [0] [4] [4] [4] [4] [4] [4] 
-o-o-x--xx----o- [4] [0] [5] [0] [4] [0] [4] [4] [0] [0] [4] [4] [4] [4] [0] [4] 
-xo--x------oo-x [4] [0] [0] [4] [4] [0] [4] [4] [4] [5] [4] [4] [0] [0] [4] [0] 
ox----x----xoo-- [0] [0] [4] [4] [4] [4] [0] [4] [4] [4] [4] [0] [0] [0] [4] [4] 
x----oox------ox [0] [5] [4] [4] [4] [0] [0] [0] [4] [4] [4] [4] [4] [4] [0] [0] 
ox---x-x-o---o-- [0] [0] [4] [4] [4] [0] [4] [0] [4] [0] [4] [4] [4] [0] [4] [4] 
--o-oxx--x-----o [4] [4] [0] [4] [0] [0] [0] [4] [4] [0] [4] [4] [4] [4] [5] [0] 
xxx-o------oo--- [0] [0] [0] [4] [0] [4] [5] [4] [4] [4] [4] [0] [0] [4] [4] [4] 
-xo----oxx----o- [4] [0] [0] [4] [4] [4] [4] [0] [0] [0] [4] [4] [4] [4] [0] [2] 
oxoo------x--x-- [0] [0] [0] [0] [4] [4] [4] [4] [4] [4] [0] [4] [4] [0] [4] [5] 
x--o-x------o-ox [0] [4] [4] [0] [4] [0] [4] [7] [4] [4] [4] [4] [0] [4] [0] [0] 
xo--x-------xo-o [0] [0] [4] [4] [0] [4] [4] [4] [4] [4] [4] [7] [0] [0] [4] [0] 
-xx---o-o--xo--- [4] [0] [0] [4] [4] [4] [0] [4] [0] [4] [4] [0] [0] [4] [4] [4] 
x---o--ox--x--o- [0] [4] [4] [4] [0] [4] [5] [0] [0] [4] [4] [0] [4] [4] [0] [4] 
xo---ox----xo--- [0] [0] [4] [4] [4] [0] [0] [4] [4] [4] [5] [0] [0] [4] [4] [4] 
xo-x-xo--o------ [0] [0] [4] [0] [4] [0] [0] [4] [4] [0] [4] [4] [4] [4] [4] [4] 
oxx-ox---o------ [0] [0] [0] [4] [0] [0] [4] [5] [4] [0] [4] [4] [4] [4] [4] [4] 
---o-xo----oxx-- [4] [4] [7] [0] [4] [0] [0] [4] [4] [4] [4] [0] [0] [0] [4] [4] 
---x-x-oo-x---o- [4] [4] [4] [0] [4] [0] [4] [0] [0] [4] [0] [4] [4] [4] [0] [4] 
-x-x-x---oo--o-- [4] [0] [4] [0] [4] [0] [7] [4] [4] [0] [0] [4] [4] [0] [4] [4] 
-xx----o--oo--x- [4] [0] [0] [4] [4] [4] [4] [0] [7] [4] [0] [0] [4] [4] [0] [4] 
o----xx-o-o----x [0] [4] [4] [4] [4] [0] [0] [2] [0] [4] [0] [4] [4] [4] [4] [0] 
ox-xox------o--- [0] [0] [4] [0] [0] [0] [4] [4] [4] [4] [4] [4] [0] [4] [4] [4] 
x-o-o-xox--x--o- [0] [4] [0] [3] [0] [3] [0] [0] [0] [3] [3] [0] [3] [3] [0] [3] 
xooxx-----o-o--x [0] [0] [0] [0] [0] [3] [3] [3] [3] [3] [0] [6] [0] [3] [3] [0] 
xo--x--o---xxo-o [0] [0] [3] [3] [0] [3] [3] [0] [3] [3] [3] [0] [0] [0] [6] [0] 
xxx-o-x--o-oo--- [0] [0] [0] [3] [0] [3] [0] [3] [3] [0] [3] [0] [0] [4] [3] [3] 
oxxoox-x-o------ [0] [0] [0] [0] [0] [0] [3] [0] [3] [0] [3] [3] [4] [3] [3] [3] 
--o-oxx-ox----xo [3] [4] [0] [3] [0] [0] [0] [3] [0] [0] [3] [3] [3] [3] [0] [0] 
oxoo-o----x--x-x [0] [0] [0] [0] [3] [0] [4] [3] [3] [3] [0] [3] [3] [0] [3] [0] 
--ox-xxoo-x---o- [3] [3] [0] [0] [3] [0] [0] [0] [0] [3] [0] [3] [3] [3] [0] [3] 
oxx-o-x----xoo-- [0] [0] [0] [3] [0] [3] [0] [3] [3] [3] [3] [0] [0] [0] [3] [3] 
o---oxxxo-o----x [0] [3] [3] [3] [0] [0] [0] [0] [0] [3] [0] [3] [3] [3] [0] [0] 
-xx---ooo--xox-- [3] [0] [0] [3] [3] [3] [0] [0] [0] [3] [3] [0] [0] [0] [3] [3] 
-xo--x--ox--oo-x [3] [0] [0] [3] [3] [0] [3] [3] [0] [0] [3] [3] [0] [0] [4] [0] 
x--o-x-x--o-o-ox [0] [6] [3] [0] [3] [0] [3] [0] [3] [3] [0] [3] [0] [3] [0] [0] 
xo---oxo--xxo--- [0] [0] [3] [3] [3] [0] [0] [0] [3] [3] [0] [0] [0] [3] [4] [3] 
-x-oxoo---o-x-x- [3] [0] [3] [0] [0] [0] [0] [6] [3] [3] [0] [3] [0] [3] [0] [3] 
xo-x-xo--oo-x--- [0] [0] [3] [0] [3] [0] [0] [3] [3] [0] [0] [3] [0] [3] [3] [3] 
-xo-o--oxx----ox [3] [0] [0] [0] [0] [3] [3] [0] [0] [0] [3] [3] [3] [3] [0] [0] 
--xo-xo---ooxx-- [3] [3] [0] [0] [3] [0] [0] [3] [3] [3] [0] [0] [0] [0] [6] [3] 
-oxo-x--xx----oo [3] [0] [0] [0] [3] [0] [3] [3] [0] [0] [3] [4] [3] [3] [0] [0] 
xxx-x-o-oo----o- [0] [0] [0] [3] [0] [3] [0] [3] [0] [0] [3] [3] [4] [3] [0] [3] 
oxx--x-x-o--oo-- [0] [0] [0] [3] [3] [0] [3] [0] [3] [0] [3] [3] [0] [0] [3] [3] 
-xx--o-ox-oo--x- [3] [0] [0] [6] [3] [0] [3] [0] [0] [3] [0] [0] [3] [3] [0] [3] 
-x-x-xxo-oo--o-- [3] [0] [3] [0] [3] [0] [0] [0] [3] [0] [0] [3] [3] [0] [6] [3] 
xx---ooxo-----ox [0] [0] [3] [4] [3] [0] [0] [0] [0] [3] [3] [3] [3] [3] [0] [0] 
oxoxox------ox-- [0] [0] [0] [0] [0] [0] [3] [3] [3] [3] [3] [3] [0] [0] [3] [3] 
oxoo-oxo--x--x-x [0] [0] [0] [0] [2] [0] [0] [0] [2] [2] [0] [2] [3] [0] [2] [0] 
-x-oxoox--o-x-xo [2] [0] [2] [0] [0] [0] [0] [0] [2] [2] [0] [2] [0] [5] [0] [0] 
--ox-xxooxx--oo- [2] [2] [0] [0] [2] [0] [0] [0] [0] [0] [0] [2] [2] [0] [0] [2] 
-x-x-xxoooo--ox- [2] [0] [5] [0] [2] [0] [0] [0] [0] [0] [0] [2] [2] [0] [0] [2] 
xxooo-xox--x--o- [0] [0] [0] [0] [0] [2] [0] [0] [0] [2] [2] [0] [2] [3] [0] [2] 
-xx--oooo--xoxx- [2] [0] [0] [2] [2] [0] [0] [0] [0] [2] [2] [0] [0] [0] [0] [2] 
-oxo-x-oxx-x--oo [2] [0] [0] [0] [2] [0] [2] [0] [0] [0] [2] [0] [2] [3] [0] [0] 
xxxox-o-oo--x-o- [0] [0] [0] [0] [0] [2] [0] [2] [0] [0] [3] [2] [0] [2] [0] [2] 
xxoo-x-x--o-o-ox [0] [0] [0] [0] [2] [0] [5] [0] [2] [2] [0] [2] [0] [2] [0] [0] 
xo--ooxo--xxo-x- [0] [0] [2] [2] [0] [0] [0] [0] [2] [2] [0] [0] [0] [3] [0] [2] 
oxxxo-x--o-xoo-- [0] [0] [0] [0] [0] [2] [0] [2] [2] [0] [2] [0] [0] [0] [2] [2] 
oxxoox-x-o-ox--- [0] [0] [0] [0] [0] [0] [2] [0] [2] [0] [3] [0] [0] [2] [2] [2] 
xx-x-ooxo--o--ox [0] [0] [2] [0] [2] [0] [0] [0] [0] [2] [2] [0] [3] [2] [0] [0] 
xo-xxxo--oo-x--o [0] [0] [2] [0] [0] [0] [0] [2] [2] [0] [0] [2] [0] [2] [2] [0] 
--xo-xo--oooxxx- [2] [2] [0] [0] [2] [0] [0] [2] [2] [0] [0] [0] [0] [0] [0] [5] 
xo--x-oo---xxoxo [0] [0] [2] [2] [0] [2] [0] [0] [2] [5] [2] [0] [0] [0] [0] [0] 
-xoo-x--ox--ooxx [2] [0] [0] [0] [2] [0] [2] [3] [0] [0] [2] [2] [0] [0] [0] [0] 
oxx--xox-ox-oo-- [0] [0] [0] [2] [2] [0] [0] [0] [2] [0] [0] [2] [0] [0] [2] [2] 
xxxoo-x--o-oox-- [0] [0] [0] [0] [0] [2] [0] [3] [2] [0] [2] [0] [0] [0] [2] [2] 
-xxx-ooox-oo--x- [5] [0] [0] [0] [2] [0] [0] [0] [0] [2] [0] [0] [2] [2] [0] [2] 
-xoxo--oxxo---ox [0] [0] [0] [0] [0] [2] [2] [0] [0] [0] [0] [2] [2] [2] [0] [0] 
-xo-oxx-oxo---xo [2] [0] [0] [2] [0] [0] [0] [2] [0] [0] [0] [3] [2] [2] [0] [0] 
xooxx---o-oxo--x [0] [0] [0] [0] [0] [2] [5] [2] [0] [2] [0] [0] [0] [2] [2] [0] 
oxoxox-o----ox-x [0] [0] [0] [0] [0] [0] [2] [0] [2] [2] [2] [2] [0] [0] [2] [0] 
oxx--oooox-xoxx- [0] [0] [0] [1] [1] [0] [0] [0] [0] [0] [1] [0] [0] [0] [0] [1] 
oxx-xxox-oxooo-- [0] [0] [0] [1] [0] [0] [0] [0] [1] [0] [0] [0] [0] [0] [1] [1] 
xx-xoooxo--ox-ox [0] [0] [1] [0] [0] [0] [0] [0] [0] [1] [2] [0] [0] [1] [0] [0] 
-xxxoxxoooo--ox- [1] [0] [0] [0] [0] [0] [0] [0] [0] [0] [0] [1] [1] [0] [0] [4] 
xo-xxxo-ooo-x-xo [0] [0] [1] [0] [0] [0] [0] [1] [0] [0] [0] [1] [0] [1] [0] [0] 
xo--ooxo--xxoxxo [0] [0] [1] [1] [0] [0] [0] [0] [1] [2] [0] [0] [0] [0] [0] [0] 
xxoo-xxx--ooo-ox [0] [0] [0] [0] [4] [0] [0] [0] [1] [1] [0] [0] [0] [1] [0] [0] 
xxooo-xoxo-x-xo- [0] [0] [0] [0] [0] [2] [0] [0] [0] [0] [1] [0] [1] [0] [0] [1] 
-x-oxoox--ooxxxo [1] [0] [1] [0] [0] [0] [0] [0] [4] [1] [0] [0] [0] [0] [0] [0] 
xxxoo-xx-oooox-- [0] [0] [0] [0] [0] [2] [0] [0] [1] [0] [0] [0] [0] [0] [1] [1] 
oxxxoox--o-xoox- [0] [0] [0] [0] [0] [0] [0] [1] [1] [0] [1] [0] [0] [0] [0] [1] 
--ox-xxooxxxooo- [1] [1] [0] [0] [1] [0] [0] [0] [0] [0] [0] [0] [0] [0] [0] [1] 
-xo-oxx-oxoxo-xo [1] [0] [0] [1] [0] [0] [0] [2] [0] [0] [0] [0] [0] [1] [0] [0] 
oxoo-x-xox--ooxx [0] [0] [0] [0] [2] [0] [1] [0] [0] [0] [1] [1] [0] [0] [0] [0] 
oxoo-oxo--xoxx-x [0] [0] [0] [0] [2] [0] [0] [0] [1] [1] [0] [0] [0] [0] [1] [0] 
ooxo-x-oxx-x-xoo [0] [0] [0] [0] [1] [0] [1] [0] [0] [0] [1] [0] [2] [0] [0] [0] 
oxxoox-xooxox--- [0] [0] [0] [0] [0] [0] [1] [0] [0] [0] [0] [0] [0] [1] [2] [1] 
xxxox-o-oox-x-oo [0] [0] [0] [0] [0] [1] [0] [1] [0] [0] [0] [1] [0] [2] [0] [0] 
xooxx-x-o-oxo-ox [0] [0] [0] [0] [0] [4] [0] [1] [0] [1] [0] [0] [0] [1] [0] [0] 
xo-ox-oo-x-xxoxo [0] [0] [1] [0] [0] [1] [0] [0] [4] [0] [1] [0] [0] [0] [0] [0] 
oxoxoxxo-o--ox-x [0] [0] [0] [0] [0] [0] [0] [0] [1] [0] [1] [1] [0] [0] [1] [0] 
xoo-ooxo-xxxoxxo [0] [0] [0] [0] [0] [0] [0] [0] [0] [0] [0] [0] [0] [0] [0] [0] 
-x-oxooxxoooxxxo [0] [0] [0] [0] [0] [0] [0] [0] [0] [0] [0] [0] [0] [0] [0] [0] 
xoox-xxooxxxooo- [0] [0] [0] [0] [0] [0] [0] [0] [0] [0] [0] [0] [0] [0] [0] [0] 
oxooxoxoo-xoxx-x [0] [0] [0] [0] [0] [0] [0] [0] [0] [0] [0] [0] [0] [0] [0] [0] 
xxoxoooxo-xox-ox [0] [0] [0] [0] [0] [0] [0] [0] [0] [0] [0] [0] [0] [0] [0] [0] 
oxooxxoxox--ooxx [0] [0] [0] [0] [0] [0] [0] [0] [0] [0] [0] [0] [0] [0] [0] [0] 
xxoooxxoxo-x-xoo [0] [0] [0] [0] [0] [0] [0] [0] [0] [0] [0] [0] [0] [0] [0] [0] 
xxxoxoo-oox-xxoo [0] [0] [0] [0] [0] [0] [0] [0] [0] [0] [0] [0] [0] [0] [0] [0] 
-xxxoxxoooo-ooxx [0] [0] [0] [0] [0] [0] [0] [0] [0] [0] [0] [0] [0] [0] [0] [0] 
ooxo-xooxx-xxxoo [0] [0] [0] [0] [0] [0] [0] [0] [0] [0] [0] [0] [0] [0] [0] [0] 
oxxx-oooox-xoxxo [0] [0] [0] [0] [0] [0] [0] [0] [0] [0] [0] [0] [0] [0] [0] [0] 
-xoooxxxoxoxo-xo [0] [0] [0] [0] [0] [0] [0] [0] [0] [0] [0] [0] [0] [0] [0] [0] 
xxxooxxx-ooooxo- [0] [0] [0] [0] [0] [0] [0] [0] [0] [0] [0] [0] [0] [0] [0] [0] 
xooxxxx-oooxo-ox [0] [0] [0] [0] [0] [0] [0] [0] [0] [0] [0] [0] [0] [0] [0] [0] 
oxx-xxoxxoxoooo- [0] [0] [0] [0] [0] [0] [0] [0] [0] [0] [0] [0] [0] [0] [0] [0] 
oxxooxoxooxox-x- [0] [0] [0] [0] [0] [0] [0] [0] [0] [0] [0] [0] [0] [0] [0] [0] 