--------- [4] [4] [0] [0] [4] [0] [0] [0] [0]
xo------- [0] [0] [3] [3] [3] [3] [3] [3] [3]
x-o------ [0] [3] [0] [3] [3] [3] [3] [3] [3]
x---o---- [0] [3] [3] [0] [0] [3] [0] [0] [3]
x----o--- [0] [3] [3] [3] [3] [0] [3] [3] [3]
x-------o [0] [3] [3] [0] [3] [3] [3] [0] [0]
ox------- [0] [0] [3] [3] [3] [3] [3] [3] [3]
-x-o----- [3] [0] [0] [0] [3] [3] [3] [3] [0]
-x--o---- [3] [0] [0] [3] [0] [0] [3] [3] [0]
-x----o-- [3] [0] [0] [3] [3] [3] [0] [0] [0]
-x-----o- [3] [0] [0] [3] [3] [3] [0] [0] [0]
o---x---- [0] [3] [3] [3] [0] [3] [3] [3] [3]
-o--x---- [3] [0] [0] [3] [0] [3] [3] [3] [0]
xoxo----- [0] [0] [0] [0] [2] [2] [2] [2] [2]
xox-o---- [0] [0] [0] [2] [0] [2] [2] [2] [2]
xox---o-- [0] [0] [0] [2] [2] [2] [0] [2] [2]
xox----o- [0] [0] [0] [2] [2] [2] [2] [0] [2]
xoox----- [0] [0] [0] [0] [2] [2] [2] [2] [2]
xo-xo---- [0] [0] [2] [0] [0] [2] [2] [2] [2]
xo-x-o--- [0] [0] [2] [0] [2] [0] [2] [2] [2]
xo-x--o-- [0] [0] [2] [0] [2] [2] [0] [2] [2]
xo-x---o- [0] [0] [2] [0] [2] [2] [2] [0] [2]
xo-x----o [0] [0] [2] [0] [2] [2] [2] [2] [0]
xoo-x---- [0] [0] [0] [2] [0] [2] [2] [2] [2]
xo-ox---- [0] [0] [2] [0] [0] [2] [2] [2] [2]
xo--xo--- [0] [0] [2] [2] [0] [0] [2] [2] [2]
xo--x-o-- [0] [0] [2] [2] [0] [2] [0] [2] [2]
xo--x--o- [0] [0] [2] [2] [0] [2] [2] [0] [2]
xo--x---o [0] [0] [2] [2] [0] [2] [2] [2] [0]
xoo--x--- [0] [0] [0] [2] [2] [0] [2] [2] [2]
xo-o-x--- [0] [0] [2] [0] [2] [0] [2] [2] [2]
xo--ox--- [0] [0] [2] [2] [0] [0] [2] [2] [2]
xo---xo-- [0] [0] [2] [2] [2] [0] [0] [2] [2]
xo---x-o- [0] [0] [2] [2] [2] [0] [2] [0] [2]
xo---x--o [0] [0] [2] [2] [2] [0] [2] [2] [0]
xoo---x-- [0] [0] [0] [2] [2] [2] [0] [2] [2]
xo--o-x-- [0] [0] [2] [2] [0] [2] [0] [2] [2]
xo---ox-- [0] [0] [2] [2] [2] [0] [0] [2] [2]
xo----xo- [0] [0] [2] [2] [2] [2] [0] [0] [2]
xo----x-o [0] [0] [2] [2] [2] [2] [0] [2] [0]
xoo----x- [0] [0] [0] [2] [2] [2] [2] [0] [2]
xo--o--x- [0] [0] [2] [2] [0] [2] [2] [0] [2]
xo---o-x- [0] [0] [2] [2] [2] [0] [2] [0] [2]
xo----ox- [0] [0] [2] [2] [2] [2] [0] [0] [2]
xo-----xo [0] [0] [2] [2] [2] [2] [2] [0] [0]
xoo-----x [0] [0] [0] [2] [2] [2] [2] [2] [0]
xo-o----x [0] [0] [2] [0] [2] [2] [2] [2] [0]
xo--o---x [0] [0] [2] [2] [0] [2] [2] [2] [0]
xo---o--x [0] [0] [2] [2] [2] [0] [2] [2] [0]
xo----o-x [0] [0] [2] [2] [2] [2] [0] [2] [0]
xo-----ox [0] [0] [2] [2] [2] [2] [2] [0] [0]
xxo-o---- [0] [0] [0] [2] [0] [2] [2] [2] [2]
xxo--o--- [0] [0] [0] [2] [2] [0] [2] [2] [2]
xxo---o-- [0] [0] [0] [2] [2] [2] [0] [2] [2]
xxo----o- [0] [0] [0] [2] [2] [2] [2] [0] [2]
xxo-----o [0] [0] [0] [2] [2] [2] [2] [2] [0]
x-oxo---- [0] [2] [0] [0] [0] [2] [2] [2] [2]
x-ox-o--- [0] [2] [0] [0] [2] [0] [2] [2] [2]
x-ox---o- [0] [2] [0] [0] [2] [2] [2] [0] [2]
x-ox----o [0] [2] [0] [0] [2] [2] [2] [2] [0]
x-o-xo--- [0] [2] [0] [2] [0] [0] [2] [2] [2]
x-o-x-o-- [0] [2] [0] [2] [0] [2] [0] [2] [2]
x-o-x--o- [0] [2] [0] [2] [0] [2] [2] [0] [2]
x-o-x---o [0] [2] [0] [2] [0] [2] [2] [2] [0]
x-o-ox--- [0] [2] [0] [2] [0] [0] [2] [2] [2]
x-o--xo-- [0] [2] [0] [2] [2] [0] [0] [2] [2]
x-o--x-o- [0] [2] [0] [2] [2] [0] [2] [0] [2]
x-o--x--o [0] [2] [0] [2] [2] [0] [2] [2] [0]
x-o-o-x-- [0] [2] [0] [2] [0] [2] [0] [2] [2]
x-o--ox-- [0] [2] [0] [2] [2] [0] [0] [2] [2]
x-o---x-o [0] [2] [0] [0] [2] [2] [0] [0] [0]
x-o-o--x- [0] [2] [0] [2] [0] [2] [2] [0] [2]
x-o--o-x- [0] [2] [0] [2] [2] [0] [2] [0] [2]
x-o----xo [0] [2] [0] [2] [2] [2] [2] [0] [0]
x-o-o---x [0] [2] [0] [2] [0] [2] [2] [2] [0]
x-o---o-x [0] [2] [0] [0] [2] [2] [0] [0] [0]
xx--oo--- [0] [0] [2] [2] [0] [0] [2] [2] [2]
xx--o--o- [0] [0] [2] [2] [0] [2] [2] [0] [2]
xx--o---o [0] [0] [2] [2] [0] [2] [2] [2] [0]
x-x-o--o- [0] [2] [0] [2] [0] [2] [2] [0] [2]
x---ox-o- [0] [2] [2] [2] [0] [0] [2] [0] [2]
x---ox--o [0] [2] [2] [2] [0] [0] [2] [2] [0]
xx---o-o- [0] [0] [2] [2] [2] [0] [2] [0] [2]
xx---o--o [0] [0] [2] [2] [2] [0] [2] [2] [0]
x--x-o--o [0] [2] [2] [0] [2] [0] [2] [2] [0]
x---xo-o- [0] [2] [2] [2] [0] [0] [2] [0] [2]
x---xo--o [0] [2] [2] [2] [0] [0] [2] [2] [0]
x----o-xo [0] [2] [2] [2] [2] [0] [2] [0] [0]
oxox----- [0] [0] [0] [0] [2] [2] [2] [2] [2]
ox-xo---- [0] [0] [2] [0] [0] [2] [2] [2] [2]
ox-x-o--- [0] [0] [2] [0] [2] [0] [2] [2] [2]
ox-x----o [0] [0] [2] [0] [2] [2] [2] [2] [0]
oxo-x---- [0] [0] [0] [2] [0] [2] [2] [2] [2]
ox-ox---- [0] [0] [2] [0] [0] [2] [2] [2] [2]
ox--xo--- [0] [0] [2] [2] [0] [0] [2] [2] [2]
ox--x-o-- [0] [0] [2] [2] [0] [2] [0] [2] [2]
ox--x--o- [0] [0] [2] [2] [0] [2] [2] [0] [2]
ox--x---o [0] [0] [2] [2] [0] [2] [2] [2] [0]
ox-o-x--- [0] [0] [2] [0] [2] [0] [2] [2] [2]
ox--ox--- [0] [0] [2] [2] [0] [0] [2] [2] [2]
ox---xo-- [0] [0] [2] [2] [2] [0] [0] [2] [2]
ox---x-o- [0] [0] [2] [2] [2] [0] [2] [0] [2]
ox---x--o [0] [0] [2] [2] [2] [0] [2] [2] [0]
oxo----x- [0] [0] [0] [2] [2] [2] [2] [0] [2]
ox-o---x- [0] [0] [2] [0] [2] [2] [2] [0] [2]
ox--o--x- [0] [0] [2] [2] [0] [2] [2] [0] [2]
ox---o-x- [0] [0] [2] [2] [2] [0] [2] [0] [2]
ox----ox- [0] [0] [2] [2] [2] [2] [0] [0] [2]
ox-----xo [0] [0] [2] [2] [2] [2] [2] [0] [0]
-x-oxo--- [2] [0] [0] [0] [0] [0] [2] [2] [0]
-x-ox-o-- [2] [0] [2] [0] [0] [2] [0] [2] [2]
-x-ox--o- [2] [0] [0] [0] [0] [2] [2] [0] [0]
-x-ox---o [2] [0] [0] [0] [0] [2] [0] [2] [0]
-x-oox--- [2] [0] [0] [0] [0] [0] [2] [2] [0]
-x-o-xo-- [2] [0] [2] [0] [2] [0] [0] [0] [0]
-x-o-x-o- [2] [0] [0] [0] [2] [0] [0] [0] [0]
-x-oo--x- [2] [0] [0] [0] [0] [2] [2] [0] [0]
-x-o-o-x- [2] [0] [0] [0] [2] [0] [0] [0] [0]
-x-xo---o [2] [0] [0] [0] [0] [2] [2] [2] [0]
-x--x-oo- [2] [0] [0] [2] [0] [2] [0] [0] [0]
-x--x-o-o [2] [0] [0] [2] [0] [0] [0] [2] [0]
xoxoxo--- [0] [0] [0] [0] [0] [0] [1] [1] [1]
xoxox-o-- [0] [0] [0] [0] [0] [1] [0] [1] [1]
xoxox--o- [0] [0] [0] [0] [0] [1] [1] [0] [1]
xoxox---o [0] [0] [0] [0] [0] [1] [1] [1] [0]
xoxoox--- [0] [0] [0] [0] [0] [0] [1] [1] [1]
xoxo-xo-- [0] [0] [0] [0] [1] [0] [0] [1] [1]
xoxo-x-o- [0] [0] [0] [0] [1] [0] [1] [0] [1]
xoxo-x--o [0] [0] [0] [0] [1] [0] [1] [1] [0]
xoxoo-x-- [0] [0] [0] [0] [0] [1] [0] [1] [1]
xoxo-ox-- [0] [0] [0] [0] [1] [0] [0] [1] [1]
xoxo--x-o [0] [0] [0] [0] [1] [1] [0] [1] [0]
xoxoo--x- [0] [0] [0] [0] [0] [1] [1] [0] [1]
xoxo-o-x- [0] [0] [0] [0] [1] [0] [1] [0] [1]
xoxo--ox- [0] [0] [0] [0] [1] [1] [0] [0] [1]
xoxo---xo [0] [0] [0] [0] [1] [1] [1] [0] [0]
xoxoo---x [0] [0] [0] [0] [0] [1] [1] [1] [0]
xoxo--o-x [0] [0] [0] [0] [1] [1] [0] [1] [0]
xoxo---ox [0] [0] [0] [0] [1] [1] [1] [0] [0]
xoxxo-o-- [0] [0] [0] [0] [0] [1] [0] [1] [1]
xoxxo---o [0] [0] [0] [0] [0] [1] [1] [1] [0]
xox-o-x-o [0] [0] [0] [1] [0] [1] [0] [1] [0]
xox-o-ox- [0] [0] [0] [1] [0] [1] [0] [0] [1]
xoxx--oo- [0] [0] [0] [0] [1] [1] [0] [0] [1]
xoxx--o-o [0] [0] [0] [0] [1] [1] [0] [1] [0]
xox-x-oo- [0] [0] [0] [1] [0] [1] [0] [0] [1]
xox-x-o-o [0] [0] [0] [1] [0] [1] [0] [1] [0]
xox--xoo- [0] [0] [0] [1] [1] [0] [0] [0] [1]
xox---oxo [0] [0] [0] [1] [1] [1] [0] [0] [0]
xox---oox [0] [0] [0] [1] [1] [1] [0] [0] [0]
xooxxo--- [0] [0] [0] [0] [0] [0] [1] [1] [1]
xooxx-o-- [0] [0] [0] [0] [0] [1] [0] [1] [1]
xooxx--o- [0] [0] [0] [0] [0] [1] [1] [0] [1]
xooxx---o [0] [0] [0] [0] [0] [1] [1] [1] [0]
xooxox--- [0] [0] [0] [0] [0] [0] [1] [1] [1]
xoox-xo-- [0] [0] [0] [0] [1] [0] [0] [1] [1]
xoox-x-o- [0] [0] [0] [0] [1] [0] [1] [0] [1]
xoox-x--o [0] [0] [0] [0] [1] [0] [1] [1] [0]
xooxo--x- [0] [0] [0] [0] [0] [1] [1] [0] [1]
xoox-o-x- [0] [0] [0] [0] [1] [0] [1] [0] [1]
xoox--ox- [0] [0] [0] [0] [1] [1] [0] [0] [1]
xoox---xo [0] [0] [0] [0] [1] [1] [1] [0] [0]
xooxo---x [0] [0] [0] [0] [0] [1] [1] [1] [0]
xoox-o--x [0] [0] [0] [0] [1] [0] [1] [1] [0]
xoox--o-x [0] [0] [0] [0] [1] [1] [0] [1] [0]
xoox---ox [0] [0] [0] [0] [1] [1] [1] [0] [0]
xo-xoxo-- [0] [0] [1] [0] [0] [0] [0] [1] [1]
xo-xox--o [0] [0] [1] [0] [0] [0] [1] [1] [0]
xo-xoo-x- [0] [0] [1] [0] [0] [0] [1] [0] [1]
xo-xo-ox- [0] [0] [1] [0] [0] [1] [0] [0] [1]
xo-xo--xo [0] [0] [1] [0] [0] [1] [1] [0] [0]
xo-xoo--x [0] [0] [1] [0] [0] [0] [1] [1] [0]
xo-xo-o-x [0] [0] [1] [0] [0] [1] [0] [1] [0]
xo-xxoo-- [0] [0] [1] [0] [0] [0] [0] [1] [1]
xo-xxo-o- [0] [0] [1] [0] [0] [0] [1] [0] [1]
xo-xxo--o [0] [0] [1] [0] [0] [0] [1] [1] [0]
xo-x-oox- [0] [0] [1] [0] [1] [0] [0] [0] [1]
xo-x-o-xo [0] [0] [1] [0] [1] [0] [1] [0] [0]
xo-x-oo-x [0] [0] [1] [0] [1] [0] [0] [1] [0]
xo-x-o-ox [0] [0] [1] [0] [1] [0] [1] [0] [0]
xo-xx-oo- [0] [0] [1] [0] [0] [1] [0] [0] [1]
xo-xx-o-o [0] [0] [1] [0] [0] [1] [0] [1] [0]
xo-x-xoo- [0] [0] [1] [0] [1] [0] [0] [0] [1]
xo-x-xo-o [0] [0] [1] [0] [1] [0] [0] [1] [0]
xo-x--oxo [0] [0] [1] [0] [1] [1] [0] [0] [0]
xo-x--oox [0] [0] [1] [0] [1] [1] [0] [0] [0]
xo-xx--oo [0] [0] [1] [0] [0] [1] [1] [0] [0]
xo-x-x-oo [0] [0] [1] [0] [1] [0] [1] [0] [0]
xoooxx--- [0] [0] [0] [0] [0] [0] [1] [1] [1]
xoo-xxo-- [0] [0] [0] [1] [0] [0] [0] [1] [1]
xoo-xx-o- [0] [0] [0] [1] [0] [0] [1] [0] [1]
xoo-xx--o [0] [0] [0] [1] [0] [0] [1] [1] [0]
xoo-xox-- [0] [0] [0] [1] [0] [0] [0] [1] [1]
xoo-x-xo- [0] [0] [0] [1] [0] [1] [0] [0] [1]
xoo-x-x-o [0] [0] [0] [1] [0] [1] [0] [1] [0]
xooox--x- [0] [0] [0] [0] [0] [1] [1] [0] [1]
xoo-xo-x- [0] [0] [0] [1] [0] [0] [1] [0] [1]
xoo-x-ox- [0] [0] [0] [1] [0] [1] [0] [0] [1]
xoo-x--xo [0] [0] [0] [1] [0] [1] [1] [0] [0]
xo-oxx-o- [0] [0] [1] [0] [0] [0] [1] [0] [1]
xo-oxx--o [0] [0] [1] [0] [0] [0] [1] [1] [0]
xo--xoxo- [0] [0] [1] [1] [0] [0] [0] [0] [1]
xo--xox-o [0] [0] [1] [1] [0] [0] [0] [1] [0]
xo--xoox- [0] [0] [1] [1] [0] [0] [0] [0] [1]
xo--xo-xo [0] [0] [1] [1] [0] [0] [1] [0] [0]
xo--xxoo- [0] [0] [1] [1] [0] [0] [0] [0] [1]
xo--xxo-o [0] [0] [1] [1] [0] [0] [0] [1] [0]
xo--x-oxo [0] [0] [1] [1] [0] [1] [0] [0] [0]
xo--xx-oo [0] [0] [1] [1] [0] [0] [1] [0] [0]
xoo-oxx-- [0] [0] [0] [1] [0] [0] [0] [1] [1]
xoo--xxo- [0] [0] [0] [1] [1] [0] [0] [0] [1]
xoo--xx-o [0] [0] [0] [1] [1] [0] [0] [1] [0]
xooo-x-x- [0] [0] [0] [0] [1] [0] [1] [0] [1]
xoo-ox-x- [0] [0] [0] [1] [0] [0] [1] [0] [1]
xoo--xox- [0] [0] [0] [1] [1] [0] [0] [0] [1]
xoo--x-xo [0] [0] [0] [1] [1] [0] [1] [0] [0]
xooo-x--x [0] [0] [0] [0] [1] [0] [1] [1] [0]
xoo-ox--x [0] [0] [0] [1] [0] [0] [1] [1] [0]
xoo--xo-x [0] [0] [0] [1] [1] [0] [0] [1] [0]
xo-oox-x- [0] [0] [1] [0] [0] [0] [1] [0] [1]
xo-o-x-xo [0] [0] [1] [0] [1] [0] [1] [0] [0]
xo-oox--x [0] [0] [1] [0] [0] [0] [1] [1] [0]
xo-o-xo-x [0] [0] [1] [0] [1] [0] [0] [1] [0]
xo--oxx-o [0] [0] [1] [1] [0] [0] [0] [1] [0]
xo--oxox- [0] [0] [1] [1] [0] [0] [0] [0] [1]
xo--ox-xo [0] [0] [1] [1] [0] [0] [1] [0] [0]
xo--oxo-x [0] [0] [1] [1] [0] [0] [0] [1] [0]
xo---xoxo [0] [0] [1] [1] [1] [0] [0] [0] [0]
xoo-o-xx- [0] [0] [0] [1] [0] [1] [0] [0] [1]
xoo--oxx- [0] [0] [0] [1] [1] [0] [0] [0] [1]
xoo---xxo [0] [0] [0] [1] [1] [1] [0] [0] [0]
xoo-o-x-x [0] [0] [0] [1] [0] [1] [0] [1] [0]
xoo--ox-x [0] [0] [0] [1] [1] [0] [0] [1] [0]
xo--ooxx- [0] [0] [1] [1] [0] [0] [0] [0] [1]
xo--o-xxo [0] [0] [1] [1] [0] [1] [0] [0] [0]
xo--oox-x [0] [0] [1] [1] [0] [0] [0] [1] [0]
xo---oxxo [0] [0] [1] [1] [1] [0] [0] [0] [0]
xoo-o--xx [0] [0] [0] [1] [0] [1] [1] [0] [0]
xoo---oxx [0] [0] [0] [1] [1] [1] [0] [0] [0]
xo--o-oxx [0] [0] [1] [1] [0] [1] [0] [0] [0]
xxoxoo--- [0] [0] [0] [0] [0] [0] [1] [1] [1]
xxoxo--o- [0] [0] [0] [0] [0] [1] [1] [0] [1]
xxoxo---o [0] [0] [0] [0] [0] [1] [1] [1] [0]
xxo-ox-o- [0] [0] [0] [1] [0] [0] [1] [0] [1]
xxo-ox--o [0] [0] [0] [1] [0] [0] [1] [1] [0]
xxo-oox-- [0] [0] [0] [1] [0] [0] [0] [1] [1]
xxo-o-x-o [0] [0] [0] [1] [0] [1] [0] [1] [0]
xxo-oo-x- [0] [0] [0] [1] [0] [0] [1] [0] [1]
xxo-o--xo [0] [0] [0] [1] [0] [1] [1] [0] [0]
xxox-oo-- [0] [0] [0] [0] [1] [0] [0] [1] [1]
xxox-o-o- [0] [0] [0] [0] [1] [0] [1] [0] [1]
xxo-xoo-- [0] [0] [0] [1] [0] [0] [0] [1] [1]
xxo-xo-o- [0] [0] [0] [1] [0] [0] [1] [0] [1]
xxo--oox- [0] [0] [0] [1] [1] [0] [0] [0] [1]
xxox--o-o [0] [0] [0] [0] [1] [1] [0] [1] [0]
xxo-x-oo- [0] [0] [0] [1] [0] [1] [0] [0] [1]
xxo-x-o-o [0] [0] [0] [1] [0] [1] [0] [1] [0]
xxo--xoo- [0] [0] [0] [1] [1] [0] [0] [0] [1]
xxo--xo-o [0] [0] [0] [1] [1] [0] [0] [1] [0]
xxo---oxo [0] [0] [0] [1] [1] [1] [0] [0] [0]
xxox---oo [0] [0] [0] [0] [1] [1] [1] [0] [0]
xxo-x--oo [0] [0] [0] [1] [0] [1] [1] [0] [0]
xxo--x-oo [0] [0] [0] [1] [1] [0] [1] [0] [0]
x-oxox-o- [0] [1] [0] [0] [0] [0] [1] [0] [1]
x-oxox--o [0] [1] [0] [0] [0] [0] [1] [1] [0]
x-oxoo-x- [0] [1] [0] [0] [0] [0] [1] [0] [1]
x-oxo--xo [0] [1] [0] [0] [0] [1] [1] [0] [0]
x-oxxo-o- [0] [1] [0] [0] [0] [0] [1] [0] [1]
x-oxx--oo [0] [1] [0] [0] [0] [1] [1] [0] [0]
x-ox-x-oo [0] [1] [0] [0] [1] [0] [1] [0] [0]
x-o-xoox- [0] [1] [0] [1] [0] [0] [0] [0] [1]
x-o-xxo-o [0] [1] [0] [1] [0] [0] [0] [1] [0]
x-o-xx-oo [0] [1] [0] [1] [0] [0] [1] [0] [0]
x-o-oxx-o [0] [1] [0] [1] [0] [0] [0] [1] [0]
x-o-ox-xo [0] [1] [0] [1] [0] [0] [1] [0] [0]
x-o--xoxo [0] [1] [0] [1] [1] [0] [0] [0] [0]
x-o-ooxx- [0] [1] [0] [1] [0] [0] [0] [0] [1]
xx-xoo-o- [0] [0] [1] [0] [0] [0] [1] [0] [1]
xx-xoo--o [0] [0] [1] [0] [0] [0] [1] [1] [0]
xx--oo-xo [0] [0] [1] [1] [0] [0] [1] [0] [0]
xx--ox-oo [0] [0] [1] [1] [0] [0] [1] [0] [0]
xx-x-o-oo [0] [0] [1] [0] [1] [0] [1] [0] [0]
xx--xo-oo [0] [0] [1] [1] [0] [0] [1] [0] [0]
oxoxxo--- [0] [0] [0] [0] [0] [0] [1] [1] [1]
oxoxx-o-- [0] [0] [0] [0] [0] [1] [0] [1] [1]
oxoxx--o- [0] [0] [0] [0] [0] [1] [1] [0] [1]
oxoxx---o [0] [0] [0] [0] [0] [1] [1] [1] [0]
oxoxox--- [0] [0] [0] [0] [0] [0] [1] [1] [1]
oxox-xo-- [0] [0] [0] [0] [1] [0] [0] [1] [1]
oxox-x-o- [0] [0] [0] [0] [1] [0] [1] [0] [1]
oxoxo--x- [0] [0] [0] [0] [0] [1] [1] [0] [1]
oxox-o-x- [0] [0] [0] [0] [1] [0] [1] [0] [1]
oxox---xo [0] [0] [0] [0] [1] [1] [1] [0] [0]
ox-xox-o- [0] [0] [1] [0] [0] [0] [1] [0] [1]
ox-xxo-o- [0] [0] [1] [0] [0] [0] [1] [0] [1]
ox-xxo--o [0] [0] [1] [0] [0] [0] [1] [1] [0]
ox-x-o-xo [0] [0] [1] [0] [1] [0] [1] [0] [0]
ox-oxx-o- [0] [0] [1] [0] [0] [0] [1] [0] [1]
ox-oxx--o [0] [0] [1] [0] [0] [0] [1] [1] [0]
ox--xxoo- [0] [0] [1] [1] [0] [0] [0] [0] [1]
ox--xxo-o [0] [0] [1] [1] [0] [0] [0] [1] [0]
ox-oox-x- [0] [0] [1] [0] [0] [0] [1] [0] [1]
ox--oxox- [0] [0] [1] [1] [0] [0] [0] [0] [1]
-x-oxxoo- [1] [0] [1] [0] [0] [0] [0] [0] [0]