x-------- [0] [4] [4] [0] [4] [4] [0] [0] [4]
-x------- [4] [0] [0] [4] [4] [0] [4] [4] [0]
----x---- [4] [4] [0] [0] [0] [0] [0] [0] [0]
xox------ [0] [0] [0] [3] [3] [3] [3] [3] [3]
xo-x----- [0] [0] [3] [0] [3] [3] [3] [3] [3]
xo--x---- [0] [0] [3] [3] [0] [3] [3] [3] [3]
xo---x--- [0] [0] [3] [3] [3] [0] [3] [3] [3]
xo----x-- [0] [0] [3] [3] [3] [3] [0] [3] [3]
xo-----x- [0] [0] [3] [3] [3] [3] [3] [0] [3]
xo------x [0] [0] [3] [3] [3] [3] [3] [3] [0]
xxo------ [0] [0] [0] [3] [3] [3] [3] [3] [3]
x-ox----- [0] [3] [0] [0] [3] [3] [3] [3] [3]
x-o-x---- [0] [3] [0] [3] [0] [3] [3] [3] [3]
x-o--x--- [0] [3] [0] [3] [3] [0] [3] [3] [3]
x-o---x-- [0] [3] [0] [3] [3] [3] [0] [3] [3]
x-o----x- [0] [3] [0] [3] [3] [3] [3] [0] [3]
x-o-----x [0] [3] [0] [3] [3] [3] [3] [3] [0]
xx--o---- [0] [0] [3] [3] [0] [3] [3] [3] [3]
x-x-o---- [0] [3] [0] [3] [0] [3] [3] [3] [3]
x---ox--- [0] [3] [3] [0] [0] [0] [3] [3] [3]
x---o---x [0] [3] [3] [0] [0] [3] [0] [0] [0]
xx---o--- [0] [0] [3] [3] [3] [0] [3] [3] [3]
x--x-o--- [0] [3] [3] [0] [3] [0] [3] [3] [3]
x---xo--- [0] [3] [3] [3] [0] [0] [3] [3] [3]
x----ox-- [0] [3] [3] [3] [3] [0] [0] [3] [3]
x----o-x- [0] [3] [3] [3] [3] [0] [3] [0] [3]
xx------o [0] [0] [3] [3] [3] [3] [3] [3] [0]
x---x---o [0] [3] [3] [0] [0] [3] [3] [0] [0]
x----x--o [0] [3] [3] [3] [3] [0] [3] [3] [0]
ox-x----- [0] [0] [3] [0] [3] [3] [3] [3] [3]
ox--x---- [0] [0] [3] [3] [0] [3] [3] [3] [3]
ox---x--- [0] [0] [3] [3] [3] [0] [3] [3] [3]
ox-----x- [0] [0] [3] [3] [3] [3] [3] [0] [3]
-x-ox---- [3] [0] [0] [0] [0] [3] [3] [3] [3]
-x-o-x--- [3] [0] [0] [0] [3] [0] [3] [3] [0]
-x-o---x- [3] [0] [0] [0] [3] [3] [3] [0] [0]
-x-xo---- [3] [0] [0] [0] [0] [3] [3] [3] [3]
-x--o--x- [3] [0] [0] [3] [0] [0] [3] [0] [0]
-x--x-o-- [3] [0] [3] [3] [0] [3] [0] [3] [3]
-x---xo-- [3] [0] [3] [3] [3] [0] [0] [3] [3]
-x--x--o- [3] [0] [0] [3] [0] [3] [3] [0] [0]
xoxox---- [0] [0] [0] [0] [0] [2] [2] [2] [2]
xoxo-x--- [0] [0] [0] [0] [2] [0] [2] [2] [2]
xoxo--x-- [0] [0] [0] [0] [2] [2] [0] [2] [2]
xoxo---x- [0] [0] [0] [0] [2] [2] [2] [0] [2]
xoxo----x [0] [0] [0] [0] [2] [2] [2] [2] [0]
xoxxo---- [0] [0] [0] [0] [0] [2] [2] [2] [2]
xox-o-x-- [0] [0] [0] [2] [0] [2] [0] [2] [2]
xox-o--x- [0] [0] [0] [2] [0] [2] [2] [0] [2]
xoxx--o-- [0] [0] [0] [0] [2] [2] [0] [2] [2]
xox-x-o-- [0] [0] [0] [2] [0] [2] [0] [2] [2]
xox--xo-- [0] [0] [0] [2] [2] [0] [0] [2] [2]
xox---ox- [0] [0] [0] [2] [2] [2] [0] [0] [2]
xox---o-x [0] [0] [0] [2] [2] [2] [0] [2] [0]
xoxx---o- [0] [0] [0] [0] [2] [2] [2] [0] [2]
xox-x--o- [0] [0] [0] [2] [0] [2] [2] [0] [2]
xox---xo- [0] [0] [0] [2] [2] [2] [0] [0] [2]
xooxx---- [0] [0] [0] [0] [0] [2] [2] [2] [2]
xoox-x--- [0] [0] [0] [0] [2] [0] [2] [2] [2]
xoox---x- [0] [0] [0] [0] [2] [2] [2] [0] [2]
xoox----x [0] [0] [0] [0] [2] [2] [2] [2] [0]
xo-xox--- [0] [0] [2] [0] [0] [0] [2] [2] [2]
xo-xo--x- [0] [0] [2] [0] [0] [2] [2] [0] [2]
xo-xo---x [0] [0] [2] [0] [0] [2] [2] [2] [0]
xo-xxo--- [0] [0] [2] [0] [0] [0] [2] [2] [2]
xo-x-o-x- [0] [0] [2] [0] [2] [0] [2] [0] [2]
xo-x-o--x [0] [0] [2] [0] [2] [0] [2] [2] [0]
xo-xx-o-- [0] [0] [2] [0] [0] [2] [0] [2] [2]
xo-x-xo-- [0] [0] [2] [0] [2] [0] [0] [2] [2]
xo-x--ox- [0] [0] [2] [0] [2] [2] [0] [0] [2]
xo-x--o-x [0] [0] [2] [0] [2] [2] [0] [2] [0]
xo-xx--o- [0] [0] [2] [0] [0] [2] [2] [0] [2]
xo-x-x-o- [0] [0] [2] [0] [2] [0] [2] [0] [2]
xo-x---ox [0] [0] [2] [0] [2] [2] [2] [0] [0]
xo-xx---o [0] [0] [2] [0] [0] [2] [2] [2] [0]
xo-x-x--o [0] [0] [2] [0] [2] [0] [2] [2] [0]
xo-x---xo [0] [0] [2] [0] [2] [2] [2] [0] [0]
xoo-xx--- [0] [0] [0] [2] [0] [0] [2] [2] [2]
xoo-x-x-- [0] [0] [0] [2] [0] [2] [0] [2] [2]
xoo-x--x- [0] [0] [0] [2] [0] [2] [2] [0] [2]
xo-oxx--- [0] [0] [2] [0] [0] [0] [2] [2] [2]
xo--xox-- [0] [0] [2] [2] [0] [0] [0] [2] [2]
xo--xo-x- [0] [0] [2] [2] [0] [0] [2] [0] [2]
xo--xxo-- [0] [0] [2] [2] [0] [0] [0] [2] [2]
xo--x-ox- [0] [0] [2] [2] [0] [2] [0] [0] [2]
xo--xx-o- [0] [0] [2] [2] [0] [0] [2] [0] [2]
xo--x-xo- [0] [0] [2] [2] [0] [2] [0] [0] [2]
xo--xx--o [0] [0] [2] [2] [0] [0] [2] [2] [0]
xo--x-x-o [0] [0] [2] [2] [0] [2] [0] [2] [0]
xo--x--xo [0] [0] [2] [2] [0] [2] [2] [0] [0]
xoo--xx-- [0] [0] [0] [2] [2] [0] [0] [2] [2]
xoo--x-x- [0] [0] [0] [2] [2] [0] [2] [0] [2]
xoo--x--x [0] [0] [0] [2] [2] [0] [2] [2] [0]
xo-o-x-x- [0] [0] [2] [0] [2] [0] [2] [0] [2]
xo-o-x--x [0] [0] [2] [0] [2] [0] [2] [2] [0]
xo--oxx-- [0] [0] [2] [2] [0] [0] [0] [2] [2]
xo--ox-x- [0] [0] [2] [2] [0] [0] [2] [0] [2]
xo--ox--x [0] [0] [2] [2] [0] [0] [2] [2] [0]
xo---xox- [0] [0] [2] [2] [2] [0] [0] [0] [2]
xo---xo-x [0] [0] [2] [2] [2] [0] [0] [2] [0]
xo---xxo- [0] [0] [2] [2] [2] [0] [0] [0] [2]
xo---xx-o [0] [0] [2] [2] [2] [0] [0] [2] [0]
xo---x-xo [0] [0] [2] [2] [2] [0] [2] [0] [0]
xoo---xx- [0] [0] [0] [2] [2] [2] [0] [0] [2]
xoo---x-x [0] [0] [0] [2] [2] [2] [0] [2] [0]
xo--o-xx- [0] [0] [2] [2] [0] [2] [0] [0] [2]
xo--o-x-x [0] [0] [2] [2] [0] [2] [0] [2] [0]
xo---oxx- [0] [0] [2] [2] [2] [0] [0] [0] [2]
xo---ox-x [0] [0] [2] [2] [2] [0] [0] [2] [0]
xo----xxo [0] [0] [2] [2] [2] [2] [0] [0] [0]
xoo----xx [0] [0] [0] [2] [2] [2] [2] [0] [0]
xo--o--xx [0] [0] [2] [2] [0] [2] [2] [0] [0]
xo----oxx [0] [0] [2] [2] [2] [2] [0] [0] [0]
xxoxo---- [0] [0] [0] [0] [0] [2] [2] [2] [2]
xxo-ox--- [0] [0] [0] [2] [0] [0] [2] [2] [2]
xxo-o-x-- [0] [0] [0] [2] [0] [2] [0] [2] [2]
xxo-o--x- [0] [0] [0] [2] [0] [2] [2] [0] [2]
xxo-o---x [0] [0] [0] [2] [0] [2] [2] [2] [0]
xxox-o--- [0] [0] [0] [0] [2] [0] [2] [2] [2]
xxo-xo--- [0] [0] [0] [2] [0] [0] [2] [2] [2]
xxo--ox-- [0] [0] [0] [2] [2] [0] [0] [2] [2]
xxo--o-x- [0] [0] [0] [2] [2] [0] [2] [0] [2]
xxox--o-- [0] [0] [0] [0] [2] [2] [0] [2] [2]
xxo-x-o-- [0] [0] [0] [2] [0] [2] [0] [2] [2]
xxo--xo-- [0] [0] [0] [2] [2] [0] [0] [2] [2]
xxo---ox- [0] [0] [0] [2] [2] [2] [0] [0] [2]
xxo---o-x [0] [0] [0] [2] [2] [2] [0] [2] [0]
xxox---o- [0] [0] [0] [0] [2] [2] [2] [0] [2]
xxo-x--o- [0] [0] [0] [2] [0] [2] [2] [0] [2]
xxo--x-o- [0] [0] [0] [2] [2] [0] [2] [0] [2]
xxox----o [0] [0] [0] [0] [2] [2] [2] [2] [0]
xxo-x---o [0] [0] [0] [2] [0] [2] [2] [2] [0]
xxo--x--o [0] [0] [0] [2] [2] [0] [2] [2] [0]
xxo---x-o [0] [0] [0] [2] [2] [2] [0] [2] [0]
xxo----xo [0] [0] [0] [2] [2] [2] [2] [0] [0]
x-oxox--- [0] [2] [0] [0] [0] [0] [2] [2] [2]
x-oxo--x- [0] [2] [0] [0] [0] [2] [2] [0] [2]
x-oxo---x [0] [2] [0] [0] [0] [2] [2] [2] [0]
x-oxxo--- [0] [2] [0] [0] [0] [0] [2] [2] [2]
x-ox-o-x- [0] [2] [0] [0] [2] [0] [2] [0] [2]
x-oxx--o- [0] [2] [0] [0] [0] [2] [2] [0] [2]
x-ox-x-o- [0] [2] [0] [0] [2] [0] [2] [0] [2]
x-oxx---o [0] [2] [0] [0] [0] [2] [2] [2] [0]
x-ox-x--o [0] [2] [0] [0] [2] [0] [2] [2] [0]
x-ox---xo [0] [2] [0] [0] [2] [2] [2] [0] [0]
x-o-xox-- [0] [2] [0] [2] [0] [0] [0] [2] [2]
x-o-xo-x- [0] [2] [0] [2] [0] [0] [2] [0] [2]
x-o-xxo-- [0] [2] [0] [2] [0] [0] [0] [2] [2]
x-o-xx-o- [0] [2] [0] [2] [0] [0] [2] [0] [2]
x-o-xx--o [0] [2] [0] [2] [0] [0] [2] [2] [0]
x-o-x-x-o [0] [2] [0] [0] [0] [2] [0] [0] [0]
x-o-x--xo [0] [2] [0] [2] [0] [2] [2] [0] [0]
x-o-oxx-- [0] [2] [0] [2] [0] [0] [0] [2] [2]
x-o-ox-x- [0] [2] [0] [2] [0] [0] [2] [0] [2]
x-o--xox- [0] [2] [0] [2] [2] [0] [0] [0] [2]
x-o--xx-o [0] [2] [0] [2] [2] [0] [0] [2] [0]
x-o--x-xo [0] [2] [0] [2] [2] [0] [2] [0] [0]
x-o-o-xx- [0] [2] [0] [2] [0] [2] [0] [0] [2]
x-o-o-x-x [0] [2] [0] [0] [0] [2] [0] [0] [0]
x-o--oxx- [0] [2] [0] [2] [2] [0] [0] [0] [2]
xx-xoo--- [0] [0] [2] [0] [0] [0] [2] [2] [2]
xx--oox-- [0] [0] [2] [2] [0] [0] [0] [2] [2]
xx--oo-x- [0] [0] [2] [2] [0] [0] [2] [0] [2]
xx--ox-o- [0] [0] [2] [2] [0] [0] [2] [0] [2]
xx-xo---o [0] [0] [2] [0] [0] [2] [2] [2] [0]
xx--ox--o [0] [0] [2] [2] [0] [0] [2] [2] [0]
xx--o--xo [0] [0] [2] [2] [0] [2] [2] [0] [0]
x---ox-xo [0] [2] [2] [2] [0] [0] [2] [0] [0]
xx-x-o-o- [0] [0] [2] [0] [2] [0] [2] [0] [2]
xx--xo-o- [0] [0] [2] [2] [0] [0] [2] [0] [2]
xx-x-o--o [0] [0] [2] [0] [2] [0] [2] [2] [0]
xx--xo--o [0] [0] [2] [2] [0] [0] [2] [2] [0]
xx---o-xo [0] [0] [2] [2] [2] [0] [2] [0] [0]
x--xxo--o [0] [2] [2] [0] [0] [0] [2] [2] [0]
x--x-o-xo [0] [2] [2] [0] [2] [0] [2] [0] [0]
x---xo-xo [0] [2] [2] [2] [0] [0] [2] [0] [0]
oxoxx---- [0] [0] [0] [0] [0] [2] [2] [2] [2]
oxox-x--- [0] [0] [0] [0] [2] [0] [2] [2] [2]
oxox---x- [0] [0] [0] [0] [2] [2] [2] [0] [2]
ox-xox--- [0] [0] [2] [0] [0] [0] [2] [2] [2]
ox-xxo--- [0] [0] [2] [0] [0] [0] [2] [2] [2]
ox-x-o-x- [0] [0] [2] [0] [2] [0] [2] [0] [2]
ox-xx---o [0] [0] [2] [0] [0] [2] [2] [2] [0]
ox-x-x--o [0] [0] [2] [0] [2] [0] [2] [2] [0]
ox-oxx--- [0] [0] [2] [0] [0] [0] [2] [2] [2]
ox--xxo-- [0] [0] [2] [2] [0] [0] [0] [2] [2]
ox--xx-o- [0] [0] [2] [2] [0] [0] [2] [0] [2]
ox--xx--o [0] [0] [2] [2] [0] [0] [2] [2] [0]
ox-o-x-x- [0] [0] [2] [0] [2] [0] [2] [0] [2]
ox--ox-x- [0] [0] [2] [2] [0] [0] [2] [0] [2]
ox---xox- [0] [0] [2] [2] [2] [0] [0] [0] [2]
-x-oxxo-- [2] [0] [2] [0] [0] [0] [0] [2] [2]
-x-oxx-o- [2] [0] [0] [0] [0] [0] [2] [0] [0]
-x-oox-x- [2] [0] [0] [0] [0] [0] [2] [0] [0]
xoxoxo-x- [0] [0] [0] [0] [0] [0] [1] [0] [1]
xoxoxxo-- [0] [0] [0] [0] [0] [0] [0] [1] [1]
xoxox-ox- [0] [0] [0] [0] [0] [1] [0] [0] [1]
xoxoxx-o- [0] [0] [0] [0] [0] [0] [1] [0] [1]
xoxoxx--o [0] [0] [0] [0] [0] [0] [1] [1] [0]
xoxox--xo [0] [0] [0] [0] [0] [1] [1] [0] [0]
xoxooxx-- [0] [0] [0] [0] [0] [0] [0] [1] [1]
xoxoox-x- [0] [0] [0] [0] [0] [0] [1] [0] [1]
xoxo-xox- [0] [0] [0] [0] [1] [0] [0] [0] [1]
xoxo-xxo- [0] [0] [0] [0] [1] [0] [0] [0] [1]
xoxo-xx-o [0] [0] [0] [0] [1] [0] [0] [1] [0]
xoxo-x-xo [0] [0] [0] [0] [1] [0] [1] [0] [0]
xoxoo-x-x [0] [0] [0] [0] [0] [1] [0] [1] [0]
xoxo-ox-x [0] [0] [0] [0] [1] [0] [0] [1] [0]
xoxoo--xx [0] [0] [0] [0] [0] [1] [1] [0] [0]
xoxo--oxx [0] [0] [0] [0] [1] [1] [0] [0] [0]
xoxxoxo-- [0] [0] [0] [0] [0] [0] [0] [1] [1]
xoxxo-ox- [0] [0] [0] [0] [0] [1] [0] [0] [1]
xoxxo-o-x [0] [0] [0] [0] [0] [1] [0] [1] [0]
xoxxo--xo [0] [0] [0] [0] [0] [1] [1] [0] [0]
xox-o-xxo [0] [0] [0] [1] [0] [1] [0] [0] [0]
xoxxx-oo- [0] [0] [0] [0] [0] [1] [0] [0] [1]
xoxx-xoo- [0] [0] [0] [0] [1] [0] [0] [0] [1]
xoxx--oox [0] [0] [0] [0] [1] [1] [0] [0] [0]
xoxxx-o-o [0] [0] [0] [0] [0] [1] [0] [1] [0]
xoxx-xo-o [0] [0] [0] [0] [1] [0] [0] [1] [0]
xoxx--oxo [0] [0] [0] [0] [1] [1] [0] [0] [0]
xox-xxoo- [0] [0] [0] [1] [0] [0] [0] [0] [1]
xox-x-oxo [0] [0] [0] [1] [0] [1] [0] [0] [0]
xooxxo-x- [0] [0] [0] [0] [0] [0] [1] [0] [1]
xooxx-ox- [0] [0] [0] [0] [0] [1] [0] [0] [1]
xooxx--xo [0] [0] [0] [0] [0] [1] [1] [0] [0]
xooxox-x- [0] [0] [0] [0] [0] [0] [1] [0] [1]
xooxox--x [0] [0] [0] [0] [0] [0] [1] [1] [0]
xoox-xox- [0] [0] [0] [0] [1] [0] [0] [0] [1]
xoox-xo-x [0] [0] [0] [0] [1] [0] [0] [1] [0]
xoox-x-ox [0] [0] [0] [0] [1] [0] [1] [0] [0]
xoox-x-xo [0] [0] [0] [0] [1] [0] [1] [0] [0]
xooxo--xx [0] [0] [0] [0] [0] [1] [1] [0] [0]
xoox-o-xx [0] [0] [0] [0] [1] [0] [1] [0] [0]
xoox--oxx [0] [0] [0] [0] [1] [1] [0] [0] [0]
xo-xoxox- [0] [0] [1] [0] [0] [0] [0] [0] [1]
xo-xoxo-x [0] [0] [1] [0] [0] [0] [0] [1] [0]
xo-xox-xo [0] [0] [1] [0] [0] [0] [1] [0] [0]
xo-xoo-xx [0] [0] [1] [0] [0] [0] [1] [0] [0]
xo-xo-oxx [0] [0] [1] [0] [0] [1] [0] [0] [0]
xo-xxoox- [0] [0] [1] [0] [0] [0] [0] [0] [1]
xo-xxo-xo [0] [0] [1] [0] [0] [0] [1] [0] [0]
xo-x-ooxx [0] [0] [1] [0] [1] [0] [0] [0] [0]
xo-xx-oxo [0] [0] [1] [0] [0] [1] [0] [0] [0]
xo-x-xoxo [0] [0] [1] [0] [1] [0] [0] [0] [0]
xoooxx-x- [0] [0] [0] [0] [0] [0] [1] [0] [1]
xoo-xxox- [0] [0] [0] [1] [0] [0] [0] [0] [1]
xoo-xxxo- [0] [0] [0] [1] [0] [0] [0] [0] [1]
xoo-xxx-o [0] [0] [0] [1] [0] [0] [0] [1] [0]
xoo-xx-xo [0] [0] [0] [1] [0] [0] [1] [0] [0]
xoo-xoxx- [0] [0] [0] [1] [0] [0] [0] [0] [1]
xoo-x-xxo [0] [0] [0] [1] [0] [1] [0] [0] [0]
xo-oxx-xo [0] [0] [1] [0] [0] [0] [1] [0] [0]
xo--xoxxo [0] [0] [1] [1] [0] [0] [0] [0] [0]
xo--xxoxo [0] [0] [1] [1] [0] [0] [0] [0] [0]
xoo-oxxx- [0] [0] [0] [1] [0] [0] [0] [0] [1]
xoo-oxx-x [0] [0] [0] [1] [0] [0] [0] [1] [0]
xoo--xxxo [0] [0] [0] [1] [1] [0] [0] [0] [0]
xooo-x-xx [0] [0] [0] [0] [1] [0] [1] [0] [0]
xoo-ox-xx [0] [0] [0] [1] [0] [0] [1] [0] [0]
xoo--xoxx [0] [0] [0] [1] [1] [0] [0] [0] [0]
xo-oox-xx [0] [0] [1] [0] [0] [0] [1] [0] [0]
xo--oxxxo [0] [0] [1] [1] [0] [0] [0] [0] [0]
xo--oxoxx [0] [0] [1] [1] [0] [0] [0] [0] [0]
xxoxoo-x- [0] [0] [0] [0] [0] [0] [1] [0] [1]
xxoxox-o- [0] [0] [0] [0] [0] [0] [1] [0] [1]
xxoxox--o [0] [0] [0] [0] [0] [0] [1] [1] [0]
xxoxo--xo [0] [0] [0] [0] [0] [1] [1] [0] [0]
xxo-oxx-o [0] [0] [0] [1] [0] [0] [0] [1] [0]
xxo-ox-xo [0] [0] [0] [1] [0] [0] [1] [0] [0]
xxo-ooxx- [0] [0] [0] [1] [0] [0] [0] [0] [1]
xxo-o-xxo [0] [0] [0] [1] [0] [1] [0] [0] [0]
xxoxxoo-- [0] [0] [0] [0] [0] [0] [0] [1] [1]
xxox-oox- [0] [0] [0] [0] [1] [0] [0] [0] [1]
xxoxxo-o- [0] [0] [0] [0] [0] [0] [1] [0] [1]
xxoxx-o-o [0] [0] [0] [0] [0] [1] [0] [1] [0]
xxox-xo-o [0] [0] [0] [0] [1] [0] [0] [1] [0]
xxo-xxoo- [0] [0] [0] [1] [0] [0] [0] [0] [1]
xxo-xxo-o [0] [0] [0] [1] [0] [0] [0] [1] [0]
xxo--xoxo [0] [0] [0] [1] [1] [0] [0] [0] [0]
xxoxx--oo [0] [0] [0] [0] [0] [1] [1] [0] [0]
xxox-x-oo [0] [0] [0] [0] [1] [0] [1] [0] [0]
xxo-xx-oo [0] [0] [0] [1] [0] [0] [1] [0] [0]
x-oxox-xo [0] [1] [0] [0] [0] [0] [1] [0] [0]
x-o-xxoxo [0] [1] [0] [1] [0] [0] [0] [0] [0]
xx-xoo-xo [0] [0] [1] [0] [0] [0] [1] [0] [0]
xx-xxo-oo [0] [0] [1] [0] [0] [0] [1] [0] [0]
oxoxox-x- [0] [0] [0] [0] [0] [0] [1] [0] [1]
oxox-xox- [0] [0] [0] [0] [1] [0] [0] [0] [1]